3A_n^{*} + 3
1
0 0 0   0 0 0   0 0 0   1 1 1
no no

2A_n^* + B_n^* + 2
1
0 1 0   0 0 0   0 0 0   0 1 1
rot flip

2A_n^* + C_n^* + 1
1
0 1 1   0 0 0   0 0 0   0 0 1
rot no

A_n^* + 2B_n^* + 2
1
0 1 0   1 0 0   0 0 0   0 1 1
rot no

A_n^* + B_n* + C_n^* + 1
1
0 1 1   1 0 0   0 0 0   0 0 1
rot flip

A_n^* + 2C_n^*
1
0 1 1   0 0 1   0 0 0   0 0 0
rot flip

3B_n^* + 1
1
0 1 0   1 0 0   0 1 0   0 1 0
rot flip

2B_n^* + C_n^* + 1
1
0 1 1   1 0 0   1 0 0   0 0 1
rot no

3C_n^*
1
0 1 1   1 0 1   1 1 0   0 0 0
no no
